A=[ -9.8 4.4 1.3; -5.7 0.1 0.8;  2.4 4.4 8.6]
B=[ 1 0 2; 3 0 -1;5 2 2; 8 9 0 ]
C=[ 0.1 0.2 -1.3 0.7; -0.2 0.3 2.2 0.8; 1.9 2.3 6.5 4.9 ]

A.^4+2*A.^3-A*(C*B)